53587
34610
63051
21573
42726
36675
40949
59090
13911
8438
32862
48638
32552
31274
64260
28392
61844
48024
45964
17470
30576
38367
47458
37377
41643
27904
26662
5208
1061
11399
32033
14711
53117
54117
25614
32323
13441
1544
473
46273
51800
23391
47501
340
11351
18118
12897
6770
29261
24894
39925
17359
34525
55388
7070
9392
58292
9512
29073
59153
56862
6369
12954
38119
13343
17826
37283
57417
52191
52628
16217
1281
49695
30844
27787
15375
47650
24057
16636
61016
30385
34384
54102
63825
49806
11446
52033
39219
37684
8461
45889
63077
44395
31695
45150
39302
19509
2608
57596
49452
55804
43526
17866
30770
32387
8623
32438
31140
31569
49012
13697
10785
16702
25279
7993
56401
7679
12218
39100
212
62699
34788
1960
63572
56375
28738
3138
53850
46266
3077
55456
2848
65338
33147
35265
12478
48253
33393
30407
31263
3620
53784
5321
43867
27400
52231
16929
59577
29566
62365
46446
16049
1529
33780
35482
63381
62506
28637
52641
18850
18716
6847
47022
20472
11131
44838
37303
39220
6370
31362
51230
15521
8612
18243
20426
24127
25783
48030
42511
14228
56006
15251
15575
10917
25369
25923
19220
33431
28230
44752
45506
26104
54969
61836
55022
5735
53048
18272
7606
944
63774
53531
35594
62184
61444
3882
30331
42832
64640
63083
5139
8399
21656
59484
39609
52518
54231
1354
43532
33667
30662
51366
60745
115
5468
40741
22231
61507
41376
52407
27655
41531
22767
59681
8727
56779
60921
56864
42948
17922
26910
21812
63694
26106
19284
5595
20041
13352
64205
60328
58933
16703
11247
15892
27290
13256
25776
52922
39579
55751
31661
54789
6869
22574
64794
30296
19540
37565
12050
49908
15968
12371
22989
11794
46596
58891
26773
27044
35412
24832
43741
46032
21708
2414
49904
17360
34118
25709
52929
29161
4143
25046
51264
9597
9946
58513
35626
45970
9374
10835
65301
20024
15056
59257
35653
24288
33054
23073
16330
4753
12910
53060
24937
13249
51042
887
13756
25187
49781
442
53103
19370
50516
6970
2363
45251
34571
58754
1577
39397
36332
55235
12374
51868
59966
50552
25010
30898
20154
39748
19920
63823
46358
5296
26001
58291
40613
44159
55009
26356
1616
32780
24817
56391
18856
55017
61853
6647
58688
13457
12377
39128
35990
26982
40724
1592
19052
50126
1966
35908
19251
61735
52619
41465
17125
6660
3175
1739
2601
31857
24676
9509
50794
3048
52548
11849
23973
10054
38041
6605
62428
7208
20973
20379
3232
12857
27090
11494
43674
15118
37436
5994
24618
59885
57730
16032
58038
27881
41518
5324
62775
13312
63130
35289
47403
30233
50352
1133
61109
44131
10671
23194
57468
58856
58566
50994
38150
56419
24238
13198
2418
7045
43461
37766
18195
15080
37498
29410
58065
10962
30867
58572
8336
21414
40965
32529
33337
55511
14650
59543
57400
43329
58828
17515
25500
16911
42283
44461
26629
42162
7617
21625
45042
7902
14346
9465
43195
10843
8970
18559
10003
1247
39397
6370
59709
15271
45608
8374
56293
30181
32544
39873
8587
25111
26972
14868
60742
2006
34689
4697
36962
32544
28786
7335
35157
29373
39717
60306
51667
574
14397
54499
54297
56508
41298
19161
15444
29972
45927
49776
48529
19893
12888
26348
37143
50063
17260
51009
28341
52950
4875
8942
23480
42071
21975
35355
47103
23659
56707
29700
17534
3070
22309
4032
55147
31369
14364
31206
14278
41931
12766
18036
65307
61323
24833
52505
11353
54026
2492
16268
16648
57707
41375
27078
49601
2092
17417
47921
59237
21870
29400
51798
20182
38209
14203
23194
52389
56244
47067
14674
63528
41342
3900
17753
63817
668
31460
7730
3308
26594
34273
20106
43235
2066
1119
3339
14493
14633
7809
44784
56055
8499
64030
44373
3705
32165
27443
14684
49057
39650
29102
8246
4987
16814
49563
34537
41777
2098
34285
27394
45715
44459
30553
63712
30496
44493
3449
36587
30242
10505
24948
38490
47628
23466
33937
25350
30992
52615
56091
48108
19362
61643
6779
64036
16632
16049
2398
19444
44196
54991
6050
23078
6721
61304
27303
36439
18037
56710
32475
36556
40479
24126
551
14016
39113
238
57761
44569
16861
54719
39027
6328
38779
52772
56361
14557
44506
53172
39942
59680
5529
20043
37791
24061
8743
11290
9582
3304
54815
39025
56816
2937
23980
3696
33872
56594
48656
28127
28660
25690
21570
22630
33671
63563
44735
36471
35798
9990
32551
26556
17424
12987
49810
50427
12048
52124
47804
62306
10121
29908
397
1387
44121
42583
29553
41475
50281
25138
9826
22990
62299
9762
23372
14999
18248
61918
47076
50189
34069
23506
122
7594
62926
14736
36366
44496
14636
21183
25798
3172
49446
36275
54538
63840
34216
26522
9454
8338
63249
49222
50130
18708
61392
46796
54845
16176
10729
47339
34672
40142
43556
61374
65487
15672
22848
55477
22252
63353
10412
22202
31845
25787
15842
40069
16226
22698
41496
33647
8395
1658
23903
47371
64232
63679
2412
30246
14871
19095
12916
31681
4134
24607
2347
62008
54857
33026
18670
37986
35801
42118
61000
43120
53534
51397
42207
35527
57494
53621
15947
41015
19997
853
11844
3366
56463
17194
59747
31454
40996
44919
9067
62223
12331
34249
42610
41052
40448
30082
50628
18877
46008
7306
3121
8508
2786
58606
36322
65156
30077
28447
26622
7602
2224
8574
13533
50292
40188
64936
10238
52734
33151
1159
51804
41597
23347
58842
60315
56478
5322
34070
57320
12208
29452
46652
62086
40685
23581
4072
35688
58213
24688
34460
45000
56628
19028
54932
41938
1888
51101
20254
48023
18260
65444
842
9340
51771
41386
33157
15329
26495
44035
11518
5275
43194
36453
64154
8405
57521
186
24052
43462
58566
52985
31703
16339
2777
16679
31996
40366
2355
45053
65450
27788
35562
14835
61391
55365
35222
38110
25860
11596
22848
17753
56163
41225
26050
27077
8460
35986
50441
2610
32035
33599
22725
64630
57365
55187
26547
53977
46690
62010
33637
40881
16708
52803
42871
12350
2423
33802
45698
34857
8830
59115
23696
7319
63061
18990
23015
34063
17537
52367
26813
63633
55957
26912
7255
4551
26964
11398
38140
36095
14139
37079
16880
16707
29024
15643
54733
45650
33971
24981
52792
44828
26084
9238
10821
24171
35791
6566
65363
30062
53657
35193
42697
41095
37054
8663
57431
8695
17073
